sepal length (cm),sepal width (cm),petal length (cm),petal width (cm),target
4.985642693142693,3.4844078449440707,1.2956052852510502,0.15892405088057493,-0.04031833837711385
4.8939970240799076,2.989629452745991,1.499132384893566,0.22037996308706703,-0.007232626130090089
4.722824156179749,3.219859327853004,1.2428118145316251,0.14777385096389287,-0.040468860546368404
4.5136326645815235,3.0682603831295783,1.598086466448174,0.21782518805295853,-0.03553266080872557
4.941871563777416,3.582368140067625,1.3471185613063525,0.23490202091927276,0.009645578469647234
5.399205889685242,3.8838259942481543,1.704469320080481,0.40566138959984815,-0.09286865413926165
4.641917400234557,3.4067957681648955,1.1907219647139144,0.25867509336885935,-0.019657413475299455
4.982437503960026,3.426647546720222,1.5898529527716891,0.2212349339023973,0.0783999211150139
4.418368562810621,2.9203821112644115,1.2082335439710115,0.2141158839466143,-0.033542242491697835
4.9554223626149,3.092991919923674,1.4947022210292094,0.10645041208304669,-0.08122058061568388
5.406692301757664,3.730332703473069,1.5594025250556833,0.18688708909990548,-0.029065861274390058
4.814085993626466,3.4094778289751813,1.6464403533551875,0.17668330793035703,-0.021936659169724825
4.783497879421329,3.002824043781346,1.4644472087814635,0.08304721231618227,0.00814897108413526
4.335236692440717,3.016752989215849,1.2540584281401712,0.13709347954063364,-0.058943029583833316
5.812520092985626,3.9822838143777846,1.1471330103119346,0.12421703658284379,-0.03243237162850006
5.680808988588771,4.403385946925759,1.4086641879115673,0.4040753697258391,-0.020560850734667003
5.423294512539208,3.8739466828542515,1.3700260934768727,0.37908888320409767,-0.02542127545381567
5.146846806019513,3.501801188617244,1.5348316244920845,0.2688520181182369,-0.032828775450201686
5.6269292362827,3.7804356541700734,1.6965336006438876,0.3437746228625018,-0.011967341575171458
5.025395952746026,3.8207732324776402,1.5219238645063005,0.3448967949381465,0.006842204813136919
5.372799917118134,3.410550201957918,1.533017547308508,0.19092742673015503,0.02332468493583489
5.086820288826314,3.716638338343507,1.5148980067721765,0.4729619089329656,0.03696468227533131
4.6204574195200205,3.6622002469138937,1.0901779160369316,0.17835733572335946,-0.029695368688600857
5.083045133132405,3.3222081895673177,1.6295816234431018,0.5494253779828056,-0.04418087264538897
4.844712221857881,3.402601630707957,2.085554752107659,0.1855258700359962,-0.020091644927154206
4.985066451685477,3.0153134085839617,1.700216314260427,0.20959917517202015,-0.03269829746551522
5.026748296938212,3.3689186052455278,1.627233413078764,0.4579746434213047,0.025491841094062717
5.212212836024494,3.5091195286606083,1.4571211561864397,0.2125047074418611,0.0621443293133037
5.200353347241509,3.4336942946492135,1.408482460848607,0.12000340015163628,-0.07053203590906038
4.725392480765698,3.222539025167796,1.3938883627384302,0.19539663811062044,-0.013454108810462231
4.848805715741062,3.084238205728222,1.5198719962040204,0.2263722877177898,-0.02516797451928569
5.378174309340631,3.4437478885599964,1.41271452921881,0.4369425293797883,-0.01823440321469136
5.257127948218193,4.129633676921457,1.4259213920372569,0.18948819581549323,-0.025786224133355126
5.484921618157171,4.199579650835914,1.3886608952144548,0.15310413280682283,-0.0029616874296439304
4.926759744490925,3.1221413300263876,1.433846024646989,0.2131187287829251,-0.044512313363829326
5.045243628222012,3.175851986947048,1.1594702479139647,0.13002265621975756,0.02054749114574462
5.576709492733475,3.476109267315172,1.150199005435343,0.17580954851555555,-0.006009288703704063
4.866407579426387,3.5859120326347753,1.4506297982344871,0.11154985761020801,0.06371084364952495
4.417570985291416,2.994381860639156,1.3876265995534238,0.18341268510208636,-0.04262438990371415
5.1096456536644235,3.383335991157549,1.5501070168043554,0.14573570635972238,-0.012691481927493016
4.947810200458076,3.4799952855188105,1.3653504478470968,0.3114966613270183,0.027325827475824866
4.604654600065081,2.340064430259341,1.2212846831075876,0.38162955397636034,0.08259936777397937
4.333014114151916,3.2256817721920568,1.29290939615341,0.2412717166621005,-0.028902173213147676
4.961082195173287,3.448062860683576,1.5696212933307667,0.689745187569596,0.011623370757089496
5.181793498729712,3.7994121645918657,1.9834493166509477,0.380253882475655,-0.011403114488684904
4.766755519313737,3.0101616548548753,1.501784808834743,0.35359221434735194,-0.0012289059029446945
5.069181414165384,3.786974299391335,1.4682035684188757,0.2496806505102403,0.05948614707584691
4.616008266390428,3.186059386883153,1.4170174709197134,0.1959182907389173,0.04762403053039618
5.339251847041791,3.6567952962744457,1.6610632271873924,0.2599691391483132,-0.01818089867739192
5.033257729572951,3.2979383202850885,1.428648160176684,0.23477942514332115,-0.004954875207911171
7.018065434646129,3.174617084556824,4.781676139752906,1.3710079363212477,0.9995629784523272
6.462524051482182,3.183728420706427,4.575173850656934,1.395323915464097,1.0054521057827874
6.965216282847135,3.099497481469762,4.899102485076884,1.5373017129948185,1.0202818767804969
5.489918133617943,2.3322867638784106,3.930235300608185,1.2893411404184676,0.9471341368051203
6.4494499998829316,2.7757758827714474,4.588760697066386,1.4842217275724743,0.9830644606855923
5.686064860059949,2.8015815456974056,4.261296702451365,1.2670214037095326,1.0738871372434176
6.267125386242983,3.309503069171392,4.73109683095331,1.6450057946629038,0.9286451322805672
4.923925669382182,2.3618900020946456,3.432862935424177,1.0171893588639904,1.0154643602536728
6.585244130102642,2.9071416572755777,4.57509510747516,1.3243963445077818,1.012108957325686
5.178281899949308,2.685494577211074,3.8275079646871677,1.4081804748851223,0.9569727015295519
4.975199843646276,2.0076514880307847,3.513813376543962,1.0066214183338456,0.9985399253996182
5.92403315553411,3.012145513262038,4.137531518195735,1.4334842338295737,0.9273570337023009
6.030915560515027,2.2120353205795236,4.190292863165892,1.0570456698630806,0.9778423375013707
6.09172771362972,2.948976739604181,4.762972847411171,1.4151854893298412,0.9943096898272149
5.487213924798535,2.909566337071226,3.5485656598981703,1.2659668489468587,1.0078240992117415
6.760978949243483,3.102473357228505,4.483912862768244,1.3737868293220308,1.0239884398271064
5.550357149103128,3.0111794927203888,4.46509207660041,1.5589408571117154,0.9920133513660689
5.866295818326007,2.740194537603394,4.067611424895581,0.9703242539476603,1.0954384970762645
6.200731244516703,2.233200375848855,4.547016756972681,1.4516068985301762,0.9479940544440708
5.601972106175557,2.498123536756589,3.9159893681308255,1.0824427085483435,1.0129035305811065
5.894085242591126,3.1732364768238863,4.78911261057643,1.8155274996403652,0.9851263452070522
6.127249868455176,2.8299556350646196,3.934598091424337,1.2869611365259914,1.0688943634389585
6.344351115225016,2.4898426394627244,4.841618275181134,1.5305689420596662,0.9566984726018333
6.080243978742645,2.7985798347896225,4.698279002354719,1.185381493584806,1.0288081650627199
6.431243014683406,2.907149203139563,4.173144651216273,1.2747655680918824,1.0215154590108446
6.622577742561859,3.006124363240436,4.363475929600715,1.4412773382907595,0.9856236491952288
6.800526625005247,2.8551642148583927,4.7103253266096345,1.3968223795865795,0.9698377358365714
6.642528919974479,2.93488208947203,5.036202097171145,1.6881274919298523,1.0237312379904735
5.995919728434364,2.8918826638186923,4.6154207421633675,1.5593912926011662,1.0436423942368334
5.707108685187229,2.604850167643115,3.477315079498085,1.0215262567105825,0.995438392681472
5.449661185943671,2.4240699164770145,3.9828397369391495,1.1427821394541606,0.9765596320612435
5.458419505627288,2.421394769728721,3.675962215716671,1.121951044836213,1.0311021887636829
5.791094455600191,2.6940643342243535,3.910691300381458,1.2035460400479165,0.9550136449141715
6.002250087899703,2.668643007629533,5.058207590670871,1.5648666429733968,1.0435482513736507
5.3490544663002115,3.014258490363055,4.4674821933650835,1.5081050059229402,0.9763180073461545
6.002142043202032,3.391399466918181,4.41726295414101,1.5848557306507554,0.9850337109842251
6.747534245885382,3.0839228286142744,4.7492518079645905,1.4489067908283324,0.9860741448127567
6.280108271634089,2.295444758335091,4.198576253202367,1.3061648919232882,1.0047662154916766
5.564670982617448,3.020584378944696,4.163667349148684,1.27751211567719,1.017945635006355
5.458679656040884,2.5321453517368657,4.055687390802894,1.2589092450065242,1.0500541885384924
5.49832613381584,2.6180155691672753,4.29243163785735,1.1670775182337407,0.9885904293783487
6.120123505732446,3.007685699589463,4.6328298316166965,1.4327703973954136,1.0195828946169636
5.7939693246852055,2.543231457927883,4.098309577770379,1.2025650184281276,1.0283340893256416
5.060931156094841,2.2992715424009904,3.257000557214324,1.0352582396178949,0.9528740761641947
5.596983256432444,2.6780822950687253,4.30138266167436,1.3336879150122636,1.0522399823397277
5.7642336758614725,2.98311059595995,4.137807388577233,1.193966222249162,0.9874981230968869
5.724618735776646,2.936581280279903,4.2380288667816375,1.2892230762208068,1.0868496503301612
6.188824220710932,2.884564225271093,4.397647105191839,1.2759315319232425,0.9448591130463891
5.099542408877282,2.485860959298557,3.1185240494154542,1.1237631644235335,1.0356773720040096
5.626232910228271,2.820516766642915,4.024128939932003,1.3161617376400463,0.9482684373315993
6.339759266317505,3.3240454723898427,6.001353233877885,2.5380813023582065,1.9724000439126628
5.817656188148992,2.667009294404416,5.272238674878543,1.9340068512672122,1.9877845143646438
7.15334476333596,3.053109665704918,5.791953737343379,2.1155409107499255,2.0560283191878166
6.250760295523602,2.8908392091308115,5.586980596513152,1.7402302075662923,1.9718468278537704
6.487142399017601,3.01840288207716,5.916592140399164,2.177012583743242,1.9244941360451036
7.567640899658801,3.021813091947545,6.624888803137488,2.056307118786238,1.9879726645141864
4.938459615097199,2.4708856092472598,4.521948271901387,1.6902730381148774,2.0509130405724005
7.329921167210666,2.9120645718954266,6.365714197828505,1.7472219486471492,2.001666180130592
6.75703994288263,2.501665940264119,5.893209954107551,1.8265155740097954,1.9642489190738708
7.201962242359925,3.5555142061365714,5.971466834014974,2.5216195209693524,1.966324480303892
6.531265044481552,3.187491665452198,5.1710542456227655,1.974782923162277,2.0065552877247317
6.407238728350608,2.7106127968085194,5.231032432502528,1.905069374753517,2.036811070063071
6.780990620284073,2.954261998119278,5.607016554355392,2.1055071996923562,2.037642606152364
5.673752023623547,2.5461693265875174,5.09147299726556,1.9724827555099989,1.9675711054990295
5.7562666219940155,2.7969723919550917,5.03172563939229,2.3982780395354375,2.0793511845375634
6.43334035067729,3.210070792725626,5.211508986179911,2.245329217203406,1.988654110903306
6.43982635908367,3.002711366530395,5.582575996295791,1.7839021009933684,2.0663967018739258
7.723720430780937,3.814524031545758,6.879865930604571,2.200875463861833,1.9952326010289352
7.683777172360884,2.58972187039071,6.910978980389932,2.279345937274853,1.9929176105537576
6.108902590080813,2.199117037900544,4.771301098015792,1.4925823737661048,2.0099748836711497
6.905311196766953,3.2036960104607246,5.625610158847003,2.2891087419330365,1.9794917371090972
5.59595218646937,2.768883983063106,4.792672443864634,2.006764827935899,2.0398649043798294
7.714026782527971,2.823990759425656,6.723238471110828,1.9892995831873794,1.9621148157215846
6.2977521576618365,2.7496500570701863,4.925692150576954,1.8040087359710788,2.009057843327451
6.689793708537935,3.3111170252954616,5.6994716450457235,2.1218011768004708,1.971426110140357
7.24355592110051,3.205134123857939,6.0844424789486595,1.8473984724784465,2.041566030378394
6.235797641571428,2.8241767244616782,4.857083446997743,1.754149332320631,2.043028851511648
6.102259311592418,3.004041370586406,4.808244296561889,1.8078583433584285,1.9810150943911276
6.394162634092844,2.810235230109133,5.541581226586651,2.107219748128639,2.0835110980981386
7.211176821866311,2.959781893675194,5.889050517822142,1.6071565888091084,1.9167532532939502
7.3789122999478325,2.8284206766575304,6.039736428229479,1.8733840976313085,2.00423525988758
7.8840102663164044,3.7853074880123674,6.2626520066936635,1.9880235810769904,2.033782467945849
6.414145427177022,2.7641048683424105,5.662863969974349,2.205891288772606,1.9321360319504337
6.346634638621977,2.7988208114449735,5.184396395311166,1.4876695522666252,1.9272512975213532
6.056811254194893,2.558599199195178,5.539476371945483,1.4256118197570062,1.997089203519484
7.726474953110601,2.9974018500861175,6.002839542628256,2.340022154084627,1.9467344285237627
6.305510011957983,3.4100667216142266,5.669223055960225,2.408198078472271,2.043999398622958
6.443684175646247,3.1128651362428155,5.510836909244557,1.7472405214402715,2.044284722099097
6.043723042792955,2.98140365564489,4.847019943963692,1.7829987156246132,2.0335330149628286
6.859909574703595,3.0788213040080095,5.446004002017452,2.0583271218761623,1.982065341644556
6.687952589625803,3.1180478103087617,5.640130401603413,2.3906382711031187,1.9884392122310808
6.834046257326661,3.125933632210596,5.229074476834533,2.3021691464629033,1.9679521479557402
5.8237475152529665,2.7293232116282704,4.9882011756648215,1.9098907739255488,1.9912313795145977
6.758485428652134,3.1746060437963437,5.85587537087582,2.2781626077264105,1.994085798676817
6.742043931476987,3.3005116241364587,5.788744140812527,2.5765688712831887,2.058062189967512
6.706550797711089,3.011801024624159,5.222524398401232,2.2332026180907016,2.009817642337621
6.275477781077884,2.4764785917823593,4.955095944009803,1.9124040272709821,1.955868360458692
6.481420043049249,2.990455343163877,5.347110534076233,2.0219707390758277,1.998495842072443
6.161682501395174,3.398976146977584,5.51525332624973,2.233433938112346,2.018713673333466
5.893495831651885,3.0182590191665364,4.887043871847012,1.8214403229530862,1.9485826575943475
